335,4
335,3
335,2
335,1
335,0
334,4
334,3
334,2
334,1
334,0
333,4
333,3
333,2
333,1
333,0
332,5
332,4
332,3
332,2
332,1
332,0
331,4
331,3
331,2
331,1
331,0
330,5
330,4
330,3
330,2
330,1
330,0
329,4
329,3
329,2
329,1
329,0
328,4
328,3
328,2
328,1
328,0
327,4
327,3
327,2
327,1
327,0
326,4
326,3
326,2
326,1
326,0
325,4
325,3
325,2
325,1
325,0
324,3
324,2
324,1
324,0
323,3
323,2
323,1
323,0
322,5
322,4
322,3
322,2
322,1
322,0
321,5
321,4
321,3
321,2
321,1
321,0
320,3
320,2
320,1
320,0
319,5
319,4
319,3
319,2
319,1
319,0
318,3
318,2
318,1
318,0
317,3
317,2
317,1
317,0
316,3
316,2
316,1
316,0
315,4
315,3
315,2
315,1
315,0
314,4
314,3
314,2
314,1
314,0
313,4
313,3
313,2
313,1
313,0
312,4
312,3
312,2
312,1
312,0
311,4
311,3
311,2
311,1
311,0
310,5
310,4
310,3
310,2
310,1
310,0
309,6
309,5
309,4
309,3
309,2
309,1
309,0
308,6
308,5
308,4
308,3
308,2
308,1
308,0
307,5
307,4
307,3
307,2
307,1
307,0
306,4
306,3
306,2
306,1
306,0
305,6
305,5
305,4
305,3
305,2
305,1
305,0
304,4
304,3
304,2
304,1
304,0
303,4
303,3
303,2
303,1
303,0
302,4
302,3
302,2
302,1
302,0
301,5
301,4
301,3
301,2
301,1
301,0
300,5
300,4
300,3
300,2
300,1
300,0
299,5
299,4
299,3
299,2
299,1
299,0
298,5
298,4
298,3
298,2
298,1
298,0
297,5
297,4
297,3
297,2
297,1
297,0
296,3
296,2
296,1
296,0
295,3
295,2
295,1
295,0
294,3
294,2
294,1
294,0
293,3
293,2
293,1
293,0
292,3
292,2
292,1
292,0
291,3
291,2
291,1
291,0
290,5
290,4
290,3
290,2
290,1
290,0
289,3
289,2
289,1
289,0
288,3
288,2
288,1
288,0
287,3
287,2
287,1
287,0
286,3
286,2
286,1
286,0
285,3
285,2
285,1
285,0
284,3
284,2
284,1
284,0
283,3
283,2
283,1
283,0
282,3
282,2
282,1
282,0
281,3
281,2
281,1
281,0
280,3
280,2
280,1
280,0
279,3
279,2
279,1
279,0
276,4
276,3
276,2
276,1
276,0
275,4
275,3
275,2
275,1
275,0
274,4
274,3
274,2
274,1
274,0
273,4
273,2
272,4
272,3
272,2
272,1
272,0
271,4
271,3
271,2
271,1
271,0
270,3
270,2
270,1
270,0
269,2
268,4
268,3
268,2
268,1
268,0
267,3
267,2
267,1
267,0
266,3
266,2
266,1
266,0
265,5
265,4
265,3
265,2
265,1
265,0
264,5
264,4
264,3
264,2
264,1
264,0
263,5
263,4
263,3
263,2
263,1
263,0
262,3
262,2
262,1
262,0
261,3
261,2
261,1
261,0
4,3
4,1
273,1
4,0
273,3
2,6
2,5
273,0
2,4
2,2
0,434
269,1
0,433
0,417
269,3
269,0
0,408
0,395
278,1
0,369
278,3
0,367
0,365
278,0
0,362
0,360
1,1
0,347
1,3
0,341
0,339
0,335
0,332
0,322
0,316
0,311
0,243
1,0
2,1
2,3
2,0
0,9
0,310
0,305
0,308
0,304
0,303
0,302
0,307
0,12
0,10
0,8
0,0
0,429
0,300
0,428
0,299
0,427
0,298
0,426
0,297
0,425
0,296
0,424
0,295
0,423
0,294
0,422
0,293
0,421
0,292
0,420
0,291
0,419
0,290
0,418
0,289
0,288
0,416
0,287
0,415
0,286
0,414
0,285
0,413
0,284
0,412
0,283
0,411
0,282
0,410
0,281
0,409
0,280
0,407
0,279
0,406
0,278
0,405
0,277
0,404
0,276
277,0
277,1
277,3
277,4
278,4
278,2
277,2
0,403
0,275
0,402
0,274
0,437
0,273
0,436
0,272
0,400
0,271
0,399
0,270
0,401
0,269
0,397
0,268
0,396
0,267
0,398
0,266
0,394
0,265
0,393
0,264
0,263
0,391
0,262
0,390
0,261
0,442
0,260
0,439
0,259
0,388
0,258
0,389
0,257
0,385
0,256
0,384
0,255
0,386
0,254
0,382
0,253
0,381
0,252
0,383
0,251
0,379
0,250
0,378
0,249
0,380
0,248
0,376
0,247
0,375
0,246
0,377
0,245
0,435
0,244
0,338
0,242
0,374
0,241
0,372
0,240
0,371
0,239
0,373
0,238
0,237
0,432
0,236
0,370
0,235
0,431
0,234
0,430
0,233
0,441
0,232
0,368
0,231
0,337
0,230
0,366
0,229
0,440
0,228
0,364
0,227
0,363
0,226
0,336
0,225
0,361
0,224
0,387
0,223
0,359
0,222
0,358
0,221
0,357
0,220
0,356
0,219
0,355
0,218
0,354
0,217
0,353
0,216
0,352
0,215
0,351
0,214
0,350
0,213
0,349
0,212
0,348
0,211
0,444
0,210
0,346
0,209
0,345
0,208
0,344
0,207
0,343
0,206
0,342
0,205
0,323
0,204
0,340
0,203
0,334
0,202
0,438
0,201
0,447
0,200
0,445
0,199
0,327
0,198
0,333
0,197
0,446
0,196
0,195
0,331
0,194
0,330
0,193
0,329
0,192
0,328
0,63
0,62
0,326
0,61
0,325
0,60
0,324
0,59
0,392
0,58
0,321
0,57
0,320
0,56
0,319
0,55
0,318
0,54
0,317
0,53
0,52
0,315
0,51
0,314
0,50
0,313
0,49
0,312
0,48
0,443
0,47
0,309
0,46
0,306
0,45
0,301
0,6
0,5
0,1
0,11
0,4
0,2
0,3
0,7
